# Matter power spectrum P(k) at redshift z=0
# for k=1.05233e-05 to 105.341 h/Mpc,
# number of wavenumbers equal to 132
#    1:k (h/Mpc)              2:P (Mpc/h)^3        
       1.052325563190e-05       5.086798340558e+01 
       1.324799392981e-05       6.348685630744e+01 
       1.667823621353e-05       7.923603325717e+01 
       2.099665539312e-05       9.889196100072e+01 
       2.643322303708e-05       1.234236003054e+02 
       3.327745619701e-05       1.540401239078e+02 
       4.189383524628e-05       1.922502770291e+02 
       5.274121378906e-05       2.399363620138e+02 
       6.639725428791e-05       2.994461924078e+02 
       8.358919069641e-05       3.737071963508e+02 
       1.052325563190e-04       4.663674430065e+02 
       1.324799392981e-04       5.819690724167e+02 
       1.667823621353e-04       7.260722320960e+02 
       2.099665539312e-04       9.058093288929e+02 
       2.643322303708e-04       1.129780858016e+03 
       3.327745619701e-04       1.408638052703e+03 
       4.189383524628e-04       1.755395654929e+03 
       5.274121378906e-04       2.185804183105e+03 
       6.639725428791e-04       2.718686781957e+03 
       8.358919069641e-04       3.376179090563e+03 
       1.052325563190e-03       4.183737783623e+03 
       1.324799392981e-03       5.169622003328e+03 
       1.667823621353e-03       6.363312976157e+03 
       2.099665539312e-03       7.793210217706e+03 
       2.643322303708e-03       9.481821771364e+03 
       3.327745619701e-03       1.143908224303e+04 
       4.189383524628e-03       1.365327261108e+04 
       5.274121378906e-03       1.607865203617e+04 
       6.639725428791e-03       1.862034789015e+04 
       8.358919069642e-03       2.112073751285e+04 
       1.052325563190e-02       2.334076403881e+04 
       1.324799392981e-02       2.495433545837e+04 
       1.667823621350e-02       2.556341566946e+04 
       2.099665522924e-02       2.478303015756e+04 
       2.643309761834e-02       2.244442914680e+04 
       3.326002122651e-02       1.890876881914e+04 
       4.131135589294e-02       1.538421832529e+04 
       4.811202194738e-02       1.336600462828e+04 
       5.304182528443e-02       1.237480375957e+04 
       5.710511145546e-02       1.175749882243e+04 
       6.073207945960e-02       1.129269641909e+04 
       6.411431392845e-02       1.088846943912e+04 
       6.735313736867e-02       1.049845560809e+04 
       7.050926880462e-02       1.009823520509e+04 
       7.362257520428e-02       9.675568827758e+03 
       7.672114380749e-02       9.227363195949e+03 
       7.982592386583e-02       8.757263815901e+03 
       8.295330495577e-02       8.273721513377e+03 
       8.611664426660e-02       7.788557953721e+03 
       8.932721911681e-02       7.315214442885e+03 
       9.259484646335e-02       6.867135461476e+03 
       9.592829999661e-02       6.456531292576e+03 
       9.933559909729e-02       6.092248484331e+03 
       1.028242137833e-01       5.780189562160e+03 
       1.064012128639e-01       5.520984071105e+03 
       1.100733726481e-01       5.311285629430e+03 
       1.138472575981e-01       5.143275311054e+03 
       1.177292806122e-01       5.005081128542e+03 
       1.217257482704e-01       4.882124338343e+03 
       1.258428948431e-01       4.758659639581e+03 
       1.300869078613e-01       4.619962003902e+03 
       1.344639473758e-01       4.455603767923e+03 
       1.389801605906e-01       4.261687615002e+03 
       1.436416932587e-01       4.042422045192e+03 
       1.484546990338e-01       3.809007236579e+03 
       1.534253478460e-01       3.577731416482e+03 
       1.585598342893e-01       3.364815235998e+03 
       1.638643869571e-01       3.183031274518e+03 
       1.693452796308e-01       3.038219265303e+03 
       1.750088452092e-01       2.928128939650e+03 
       1.808614932489e-01       2.842742465750e+03 
       1.869097319797e-01       2.767467899704e+03 
       1.931601956551e-01       2.686268248292e+03 
       1.996196780992e-01       2.586821685053e+03 
       2.062951733253e-01       2.467190395252e+03 
       2.131939241352e-01       2.336550963544e+03 
       2.203234796654e-01       2.209239326388e+03 
       2.276917629459e-01       2.097930015632e+03 
       2.353071496834e-01       2.008700979045e+03 
       2.431785597023e-01       1.939447731805e+03 
       2.513155627822e-01       1.880309671366e+03 
       2.597285010502e-01       1.819026872550e+03 
       2.684286306594e-01       1.748538601470e+03 
       2.774282862368e-01       1.670309058384e+03 
       2.867410725913e-01       1.592665742662e+03 
       2.963820894950e-01       1.524720451564e+03 
       3.063681971095e-01       1.468750066567e+03 
       3.167183319663e-01       1.419972452659e+03 
       3.274538865532e-01       1.371321651890e+03 
       3.385991698130e-01       1.318864242846e+03 
       3.501819717084e-01       1.265398912802e+03 
       3.622342631278e-01       1.215908605012e+03 
       3.747930738711e-01       1.172434563444e+03 
       3.879016078773e-01       1.131994966569e+03 
       4.016106788048e-01       1.091230351188e+03 
       4.159805846340e-01       1.050106009107e+03 
       4.310835938483e-01       1.010997849590e+03 
       4.470072992362e-01       9.745523902668e+02 
       4.638592278864e-01       9.392525310979e+02 
       4.817733121261e-01       9.039488565966e+02 
       5.009191895708e-01       8.694665830482e+02 
       5.215159324747e-01       8.361820609546e+02 
       5.438529485673e-01       8.029919767147e+02 
       5.683229503997e-01       7.698125484663e+02 
       5.954761615301e-01       7.366286032707e+02 
       6.261138818697e-01       7.027075500911e+02 
       6.614595265293e-01       6.676435666255e+02 
       7.034930696269e-01       6.304905288727e+02 
       7.556571849626e-01       5.899547563716e+02 
       8.244684816901e-01       5.437818346191e+02 
       9.233250051489e-01       4.882077634720e+02 
       1.079589821095e+00       4.181460531934e+02 
       1.328436831247e+00       3.349054899623e+02 
       1.669582444900e+00       2.545875532618e+02 
       2.101825860993e+00       1.860690217640e+02 
       2.646041785469e+00       1.308471532812e+02 
       3.331169244290e+00       8.883879659614e+01 
       4.193693612623e+00       5.854857696007e+01 
       5.279547458211e+00       3.766419963566e+01 
       6.646556457915e+00       2.377157188985e+01 
       8.367518825793e+00       1.478408393982e+01 
       1.053408208346e+01       9.092286148321e+00 
       1.326162362479e+01       5.544964956834e+00 
       1.669539498290e+01       3.360441240782e+00 
       2.101825700391e+01       2.027051947979e+00 
       2.646041785384e+01       1.218507779848e+00 
       3.331169244290e+01       7.305948769275e-01 
       4.193693612623e+01       4.372192423585e-01 
       5.279547458211e+01       2.612826859260e-01 
       6.646556457915e+01       1.559801666581e-01 
       8.367518825793e+01       9.304497075795e-02 
       1.053408208346e+02       5.547126464136e-02 
