2.836022963386458096e-01 1.760998185288521062e-02
3.570341377039009667e-01 1.451926736489094795e-02
4.494793488334590803e-01 1.199984859635581588e-02
5.658609743231365341e-01 9.928199790300898039e-03
7.123767601180033271e-01 8.237367974894823502e-03
8.968292060841519531e-01 6.654012580497102591e-03
1.129041077578526897e+00 5.467964316820009968e-03
1.421378503523077041e+00 4.532312841256954869e-03
1.789409517863167931e+00 3.807315543521747059e-03
2.252733114144288784e+00 3.242286403286029177e-03
2.836022963386456652e+00 2.778823632653881250e-03
3.570341377039010222e+00 2.357366340641466919e-03
4.494793488334589249e+00 1.961198641176446072e-03
5.658609743231365563e+00 1.598850138246645869e-03
7.123767601180031939e+00 1.278862488959904434e-03
8.968292060841520197e+00 1.004960679229613364e-03
1.129041077578526675e+01 7.814718092189762780e-04
1.421378503523076731e+01 6.055228495340333377e-04
1.789409517863166244e+01 4.709332304057339195e-04
2.252733114144288962e+01 3.710903206369477918e-04
2.836022963386455586e+01 2.986975976696791589e-04
3.570341377039007114e+01 2.464714814671429069e-04
4.494793488334588005e+01 2.081722520285970328e-04
5.658609743231361477e+01 1.789218630053993379e-04
7.123767601180031761e+01 1.549937254089691111e-04
8.968292060841518776e+01 1.338686748479847176e-04
1.129041077578526853e+02 1.142475820481622233e-04
1.421378503523077086e+02 9.542767203912586591e-05
1.789409517863166457e+02 7.759667209615637821e-05
2.252733114144289743e+02 6.066094553803638890e-05
