2.836022963386458096e-01 1.696825425946417443e-02
3.570341377039009667e-01 1.404302796550701248e-02
4.494793488334590803e-01 1.230994269067161966e-02
5.658609743231365341e-01 1.017913442846565472e-02
7.123767601180033271e-01 7.214478213832384822e-03
8.968292060841519531e-01 7.018017845019403067e-03
1.129041077578526897e+00 5.459475443868601688e-03
1.421378503523077041e+00 4.543149988282805217e-03
1.789409517863167931e+00 3.860372947281233858e-03
2.252733114144288784e+00 3.378853908891401182e-03
2.836022963386456652e+00 2.597674528290273410e-03
3.570341377039010222e+00 2.262714362752922623e-03
4.494793488334589249e+00 2.031306333799178052e-03
5.658609743231365563e+00 1.638165649737041100e-03
7.123767601180031939e+00 1.262879210788676399e-03
8.968292060841520197e+00 9.572815426329560774e-04
1.129041077578526675e+01 7.665975643961582195e-04
1.421378503523076731e+01 6.166316375182253565e-04
1.789409517863166244e+01 4.973810105959954085e-04
2.252733114144288962e+01 3.937791052154824027e-04
2.836022963386455586e+01 3.029042529994156329e-04
3.570341377039007114e+01 2.476196788821683923e-04
4.494793488334588005e+01 2.109312154100786670e-04
5.658609743231361477e+01 1.795469460620687375e-04
7.123767601180031761e+01 1.501196693100166613e-04
8.968292060841518776e+01 1.314374062848227154e-04
1.129041077578526853e+02 1.095589393762569672e-04
1.421378503523077086e+02 9.937078190833828028e-05
1.789409517863166457e+02 7.312199287633694010e-05
2.252733114144289743e+02 6.266761340042675365e-05
