5.000000000000000104e-03 9.452907807590634100e-04
1.499999999999999944e-02 4.257692368286315060e-03
2.500000000000000139e-02 7.552742140558037741e-03
3.500000000000000333e-02 1.136427512797309747e-02
4.499999999999999833e-02 1.497603797089918330e-02
5.500000000000000028e-02 2.261638776110435137e-02
6.500000000000000222e-02 3.410754944014674633e-02
7.500000000000001110e-02 4.041018192750903126e-02
8.499999999999999223e-02 4.403236859137749787e-02
9.500000000000000111e-02 4.707572770583760141e-02
1.050000000000000100e-01 5.060189025846777849e-02
1.149999999999999911e-01 5.529659635367952658e-02
1.250000000000000000e-01 5.859615579603027341e-02
1.350000000000000089e-01 6.117320650166799961e-02
1.450000000000000178e-01 6.483842000422447571e-02
1.549999999999999989e-01 8.040651083772200336e-02
1.650000000000000078e-01 1.062995933770396334e-01
1.749999999999999889e-01 1.161557762727325471e-01
1.849999999999999978e-01 1.176869572589954727e-01
1.950000000000000067e-01 1.192363456071538763e-01
2.050000000000000155e-01 1.222086321853718821e-01
2.149999999999999967e-01 1.271276016324936198e-01
2.250000000000000056e-01 1.305404006197981026e-01
2.349999999999999867e-01 1.326518375112424875e-01
2.449999999999999956e-01 1.341705341507722082e-01
2.550000000000000044e-01 1.359669776412981423e-01
2.650000000000000133e-01 1.390287710191273340e-01
2.750000000000000222e-01 1.411793802766154460e-01
2.850000000000000311e-01 1.429695264093321649e-01
2.949999999999999845e-01 1.493576898132990827e-01
3.049999999999999933e-01 1.686576889181777283e-01
3.150000000000000022e-01 1.929253926772367955e-01
3.250000000000000111e-01 2.128218608415665403e-01
3.350000000000000200e-01 2.206922150052444964e-01
3.450000000000000289e-01 2.274672058645645645e-01
3.549999999999999822e-01 2.375940107906971965e-01
3.649999999999999911e-01 2.432182862503474430e-01
3.750000000000000000e-01 2.441335507840046992e-01
3.850000000000000089e-01 2.458212534471953259e-01
3.950000000000000178e-01 2.515751956274548951e-01
4.050000000000000266e-01 2.868390916489675369e-01
4.150000000000000355e-01 3.437468187352301641e-01
4.249999999999999889e-01 3.696029951728545537e-01
4.349999999999999978e-01 3.686098268845310888e-01
4.450000000000000067e-01 3.650623525926824930e-01
4.550000000000000155e-01 3.847733185563505520e-01
4.650000000000000244e-01 4.523418958243123900e-01
4.749999999999999778e-01 4.922503403838781044e-01
4.849999999999999867e-01 4.992019716792571726e-01
4.949999999999999956e-01 4.993315023297135169e-01
5.050000000000000044e-01 5.621641206390316503e-01
5.150000000000000133e-01 7.809456535062676563e-01
5.250000000000000222e-01 8.509391637394848606e-01
5.350000000000000311e-01 8.551635279661481404e-01
5.450000000000000400e-01 8.580526409095691198e-01
5.550000000000000488e-01 9.670209460671668200e-01
5.650000000000000577e-01 1.365541799339349049e+00
5.749999999999999556e-01 1.468979972278610546e+00
5.849999999999999645e-01 1.465139740871900464e+00
5.949999999999999734e-01 1.467402945938114156e+00
6.049999999999999822e-01 1.574624956991262037e+00
6.149999999999999911e-01 1.882005641415433583e+00
6.250000000000000000e-01 1.963613831844615909e+00
6.350000000000000089e-01 1.965356874959060862e+00
6.450000000000000178e-01 1.967433382493957383e+00
6.550000000000000266e-01 2.038374118934934920e+00
6.650000000000000355e-01 2.257373392380662924e+00
6.750000000000000444e-01 2.324207067842377850e+00
6.850000000000000533e-01 2.327346473334527932e+00
6.950000000000000622e-01 2.321814628850872975e+00
7.050000000000000711e-01 2.326767506433510047e+00
7.149999999999999689e-01 2.347933155015777817e+00
7.249999999999999778e-01 2.350576859936780227e+00
7.349999999999999867e-01 2.345462499559074931e+00
7.449999999999999956e-01 2.344591789568474915e+00
7.550000000000000044e-01 2.329972920477437537e+00
7.650000000000000133e-01 2.257947725265708083e+00
7.750000000000000222e-01 2.241117784841355487e+00
7.850000000000000311e-01 2.237371224927751978e+00
7.950000000000000400e-01 2.233210073334214840e+00
8.050000000000000488e-01 2.213240964836630020e+00
8.150000000000000577e-01 2.126112051062374775e+00
8.250000000000000666e-01 2.105549362176927897e+00
8.349999999999999645e-01 2.101407758906677525e+00
8.449999999999999734e-01 2.097245541367557919e+00
8.549999999999999822e-01 2.019138050060974354e+00
8.649999999999999911e-01 1.696309361115903913e+00
8.750000000000000000e-01 1.629810181371170952e+00
8.850000000000000089e-01 1.624482325108583147e+00
8.950000000000000178e-01 1.616852407697728422e+00
9.050000000000000266e-01 1.586082936736167293e+00
9.150000000000000355e-01 1.466157824371995488e+00
9.250000000000000444e-01 1.422286015207571808e+00
9.350000000000000533e-01 1.419424737505565748e+00
9.450000000000000622e-01 1.413520829422680869e+00
9.550000000000000711e-01 1.327630851054255823e+00
9.649999999999999689e-01 1.008535279657779116e+00
9.749999999999999778e-01 9.216243674086221915e-01
9.849999999999999867e-01 9.163730267356450243e-01
9.949999999999999956e-01 9.185346298788258368e-01
1.004999999999999893e+00 7.955672374221650633e-01
1.015000000000000124e+00 4.264124285664241398e-01
1.024999999999999911e+00 3.332220555013459262e-01
1.035000000000000142e+00 3.287740563388376613e-01
1.044999999999999929e+00 3.250972105939886614e-01
1.055000000000000160e+00 2.908781532894033628e-01
1.064999999999999947e+00 1.845215628583237177e-01
1.075000000000000178e+00 1.536602231758063819e-01
1.084999999999999964e+00 1.517353289932737714e-01
1.095000000000000195e+00 1.507946263820881538e-01
1.104999999999999982e+00 1.461791403258327626e-01
1.115000000000000213e+00 1.312506778594611789e-01
1.125000000000000000e+00 1.271033865492885995e-01
1.135000000000000231e+00 1.263764744897745707e-01
1.145000000000000018e+00 1.253681405705616703e-01
1.155000000000000027e+00 1.120833888748848928e-01
1.165000000000000036e+00 7.181727302962857828e-02
1.174999999999999822e+00 6.077270794412632793e-02
1.185000000000000053e+00 6.007177705447905997e-02
1.194999999999999840e+00 5.947377476610106461e-02
1.205000000000000071e+00 5.770702558102993457e-02
1.214999999999999858e+00 5.355549447369521016e-02
1.225000000000000089e+00 5.176608448386940675e-02
1.234999999999999876e+00 5.073943177080583733e-02
1.245000000000000107e+00 4.861813849878535848e-02
1.254999999999999893e+00 4.171535625476920084e-02
1.265000000000000124e+00 2.786198819565139165e-02
1.274999999999999911e+00 2.138114955863191710e-02
1.285000000000000142e+00 1.986126337746091028e-02
1.294999999999999929e+00 1.896172579403251554e-02
1.305000000000000160e+00 1.729714674303613545e-02
1.314999999999999947e+00 1.444163027358959760e-02
1.325000000000000178e+00 1.282726520661619726e-02
1.334999999999999964e+00 1.229833523302211601e-02
1.345000000000000195e+00 1.239438605273817870e-02
1.354999999999999982e+00 1.308524287520425322e-02
1.365000000000000213e+00 1.464480111437169337e-02
1.375000000000000000e+00 1.549347496732356513e-02
1.385000000000000231e+00 1.590371997158576342e-02
1.395000000000000018e+00 1.657903820857115421e-02
1.405000000000000027e+00 1.910393829830160997e-02
1.415000000000000036e+00 2.441400968302893243e-02
1.424999999999999822e+00 2.708088346896945706e-02
1.435000000000000053e+00 2.658233535468174091e-02
1.444999999999999840e+00 2.505513399421673351e-02
1.455000000000000071e+00 2.305908731849281440e-02
1.464999999999999858e+00 2.084904189344897671e-02
1.475000000000000089e+00 1.862272710412962717e-02
1.484999999999999876e+00 1.740596576770866988e-02
1.495000000000000107e+00 1.588153091659837840e-02
1.504999999999999893e+00 1.394752851688518813e-02
1.515000000000000124e+00 1.206462123849842520e-02
1.524999999999999911e+00 1.031364645653032493e-02
1.535000000000000142e+00 9.278160248585451408e-03
1.544999999999999929e+00 8.887079979992773549e-03
1.555000000000000160e+00 8.829678272888170920e-03
1.564999999999999947e+00 8.899686572727156034e-03
1.575000000000000178e+00 8.971914266839148971e-03
1.584999999999999964e+00 8.962011342042644838e-03
1.595000000000000195e+00 9.000507092953882043e-03
1.604999999999999982e+00 8.958049600325498560e-03
1.615000000000000213e+00 8.887296041144349470e-03
1.625000000000000000e+00 8.613015576065785259e-03
1.635000000000000231e+00 8.189573571426869703e-03
1.645000000000000018e+00 7.485873737006483279e-03
1.655000000000000249e+00 6.816847950110217075e-03
1.665000000000000036e+00 6.043838721689289220e-03
1.674999999999999822e+00 5.388286754840230196e-03
1.685000000000000053e+00 4.920872808701379046e-03
1.694999999999999840e+00 4.725222587424569333e-03
1.705000000000000071e+00 4.809814070772958604e-03
1.714999999999999858e+00 4.954233659001845876e-03
1.725000000000000089e+00 5.131948067720408166e-03
1.734999999999999876e+00 5.207380946564393875e-03
1.745000000000000107e+00 5.116204706228615583e-03
1.754999999999999893e+00 4.976726795250990820e-03
1.765000000000000124e+00 4.715540768696459620e-03
1.774999999999999911e+00 4.407793502193146570e-03
1.785000000000000142e+00 4.265603960366818811e-03
1.794999999999999929e+00 4.239260773168161342e-03
1.805000000000000160e+00 4.207064949530475891e-03
1.814999999999999947e+00 4.219740940809378789e-03
1.825000000000000178e+00 4.227191167342091507e-03
1.834999999999999964e+00 4.147257164076208896e-03
1.845000000000000195e+00 3.980369766987511791e-03
1.854999999999999982e+00 3.668961561052214767e-03
1.865000000000000213e+00 3.416353069371272626e-03
1.875000000000000000e+00 3.158642796420830894e-03
1.885000000000000231e+00 2.895847773020143994e-03
1.895000000000000018e+00 2.821134485884828347e-03
1.905000000000000249e+00 2.898678653246468222e-03
1.915000000000000036e+00 2.982008343646314064e-03
1.924999999999999822e+00 3.045582541660192630e-03
1.935000000000000053e+00 3.107085317334376540e-03
1.944999999999999840e+00 3.102002906448058511e-03
1.955000000000000071e+00 3.012200631870028556e-03
1.964999999999999858e+00 2.940731644844132766e-03
1.975000000000000089e+00 2.837825901568328223e-03
1.984999999999999876e+00 2.768295802150221290e-03
1.995000000000000107e+00 2.676899619627152050e-03
2.004999999999999893e+00 2.604243551286693388e-03
2.015000000000000124e+00 2.531077277970970527e-03
2.025000000000000355e+00 2.498735598872284854e-03
2.035000000000000142e+00 2.459509199851805591e-03
2.044999999999999929e+00 2.597882882360113936e-03
2.054999999999999716e+00 2.970106542093871663e-03
2.064999999999999947e+00 3.600986869053435149e-03
2.075000000000000178e+00 3.674462788724178284e-03
2.084999999999999964e+00 3.684495370851071077e-03
2.094999999999999751e+00 3.595330219376241011e-03
2.104999999999999982e+00 3.330460404432150461e-03
2.115000000000000213e+00 2.962644418021873147e-03
2.125000000000000000e+00 2.675957804229989970e-03
2.134999999999999787e+00 2.275220273864769511e-03
2.145000000000000018e+00 2.034480414143849825e-03
2.155000000000000249e+00 1.927879365758249607e-03
2.165000000000000036e+00 1.844428200124964513e-03
2.174999999999999822e+00 1.752429731426689841e-03
2.185000000000000053e+00 1.651254281082592751e-03
2.195000000000000284e+00 1.591974002538192436e-03
2.205000000000000071e+00 1.514176544673632259e-03
2.214999999999999858e+00 1.418895523403693962e-03
2.225000000000000089e+00 1.337908161520071039e-03
2.235000000000000320e+00 1.317067845273298728e-03
2.245000000000000107e+00 1.331046208411538470e-03
2.254999999999999893e+00 1.371431552796506699e-03
2.265000000000000124e+00 1.418235565068126300e-03
2.275000000000000355e+00 1.464638489365145940e-03
2.285000000000000142e+00 1.482175634276837071e-03
2.294999999999999929e+00 1.508738294533520539e-03
2.305000000000000160e+00 1.573880631571609404e-03
2.314999999999999947e+00 1.644092665938358920e-03
2.325000000000000178e+00 1.698851893080222542e-03
2.334999999999999964e+00 1.710610630060314680e-03
2.344999999999999751e+00 1.627177846565554687e-03
2.354999999999999982e+00 1.555454089705569530e-03
2.365000000000000213e+00 1.441545582984820164e-03
2.375000000000000000e+00 1.318372555892274650e-03
2.384999999999999787e+00 1.224773557357758001e-03
2.395000000000000018e+00 1.161069899707871823e-03
2.405000000000000249e+00 1.082834483888881405e-03
2.415000000000000036e+00 9.982999971815315933e-04
2.424999999999999822e+00 9.361233358893653348e-04
2.435000000000000053e+00 9.248206035779276812e-04
2.445000000000000284e+00 9.887546274591784735e-04
2.455000000000000071e+00 1.096184723660379714e-03
2.464999999999999858e+00 1.254362191100731778e-03
2.475000000000000089e+00 1.388236506376376534e-03
2.485000000000000320e+00 1.533937705042981436e-03
2.495000000000000107e+00 1.726770338788001643e-03
2.504999999999999893e+00 1.863738666174738403e-03
2.515000000000000124e+00 2.220014128182298298e-03
2.525000000000000355e+00 2.407209288222832318e-03
2.535000000000000142e+00 2.555485360799903110e-03
2.544999999999999929e+00 2.556023324147793391e-03
2.555000000000000160e+00 2.077298558014486606e-03
2.564999999999999947e+00 1.802586972975123115e-03
2.575000000000000178e+00 1.377247063407561383e-03
2.584999999999999964e+00 1.226698780994049621e-03
2.594999999999999751e+00 1.189724359072775062e-03
2.604999999999999982e+00 1.174844375630131142e-03
2.615000000000000213e+00 1.206054787398806120e-03
2.625000000000000000e+00 1.255287522572399528e-03
2.634999999999999787e+00 1.280074501893165885e-03
2.645000000000000018e+00 1.292249140061071770e-03
2.655000000000000249e+00 1.268940952502812169e-03
2.665000000000000036e+00 1.167318109683508458e-03
2.674999999999999822e+00 1.124361701708254373e-03
2.685000000000000053e+00 1.130620258752060292e-03
2.695000000000000284e+00 1.139238977664685203e-03
2.705000000000000071e+00 1.151335171370710016e-03
2.714999999999999858e+00 1.165161288668106407e-03
2.725000000000000089e+00 1.229053502149910979e-03
2.735000000000000320e+00 1.237161958342513279e-03
2.745000000000000107e+00 1.225270865007054575e-03
2.754999999999999893e+00 1.211539131122241078e-03
2.765000000000000124e+00 1.262653989106090517e-03
2.775000000000000355e+00 1.194086199375771120e-03
2.785000000000000142e+00 1.231222034148126733e-03
2.794999999999999929e+00 1.332791578746295733e-03
2.805000000000000160e+00 1.575336531540425270e-03
2.814999999999999947e+00 2.067513694359489167e-03
2.825000000000000178e+00 2.084328415477725450e-03
2.834999999999999964e+00 2.119852612508538008e-03
2.844999999999999751e+00 1.951397355563401536e-03
2.854999999999999982e+00 1.684077736202095783e-03
2.865000000000000213e+00 1.407632550733890157e-03
2.875000000000000000e+00 1.187750117924404620e-03
2.884999999999999787e+00 1.088009599344176960e-03
2.895000000000000018e+00 9.924318603108661652e-04
2.905000000000000249e+00 9.227728668592567740e-04
2.915000000000000036e+00 8.676955403326726268e-04
2.924999999999999822e+00 8.398230641514950554e-04
2.935000000000000053e+00 8.230951370608147709e-04
2.945000000000000284e+00 8.193990368025222447e-04
2.955000000000000071e+00 8.184647933326474889e-04
2.964999999999999858e+00 8.037169861921434656e-04
2.975000000000000089e+00 8.399016246553492500e-04
2.985000000000000320e+00 8.720530282770883740e-04
2.995000000000000107e+00 2.420050012620479987e-02
