5.000000000000000104e-03 1.344479750519327228e-03
1.499999999999999944e-02 7.939461608098773160e-02
2.500000000000000139e-02 1.618814723937079814e-01
3.500000000000000333e-02 2.328593833130233048e-01
4.499999999999999833e-02 3.049910149319962072e-01
5.500000000000000028e-02 4.935840505285691848e-01
6.500000000000000222e-02 1.110910761059469065e+00
7.500000000000001110e-02 1.208747010618404616e+00
8.499999999999999223e-02 1.198167179327628507e+00
9.500000000000000111e-02 1.218825626762499725e+00
1.050000000000000100e-01 1.368679733513519237e+00
1.149999999999999911e-01 1.657553517005762256e+00
1.250000000000000000e-01 1.772220046134054039e+00
1.350000000000000089e-01 1.786558820271386905e+00
1.450000000000000178e-01 1.847012267565521615e+00
1.549999999999999989e-01 2.052472720313669452e+00
1.650000000000000078e-01 2.401314375587002115e+00
1.749999999999999889e-01 2.615955782547852326e+00
1.849999999999999978e-01 2.657247113326500099e+00
1.950000000000000067e-01 2.678631552063015064e+00
2.050000000000000155e-01 2.726212201051369632e+00
2.149999999999999967e-01 2.784637484001028174e+00
2.250000000000000056e-01 2.822932548759222726e+00
2.349999999999999867e-01 2.852107717255014219e+00
2.449999999999999956e-01 2.848218839930811708e+00
2.550000000000000044e-01 2.777221312588468383e+00
2.650000000000000133e-01 2.660877469068548162e+00
2.750000000000000222e-01 2.569367737655177564e+00
2.850000000000000311e-01 2.529862286668363769e+00
2.949999999999999845e-01 2.468789326150947705e+00
3.049999999999999933e-01 2.371564708640089059e+00
3.150000000000000022e-01 2.247383088851839350e+00
3.250000000000000111e-01 2.153516883119347636e+00
3.350000000000000200e-01 2.110688233244021550e+00
3.450000000000000289e-01 2.109020927837242709e+00
3.549999999999999822e-01 2.101125203344116787e+00
3.649999999999999911e-01 2.084202503915994154e+00
3.750000000000000000e-01 2.048693507148638737e+00
3.850000000000000089e-01 1.987274222145963165e+00
3.950000000000000178e-01 1.893235150400619515e+00
4.050000000000000266e-01 1.790253661199846524e+00
4.150000000000000355e-01 1.668594305349618834e+00
4.249999999999999889e-01 1.544700074997223727e+00
4.349999999999999978e-01 1.451548695665937361e+00
4.450000000000000067e-01 1.365616520732130246e+00
4.550000000000000155e-01 1.273579846144266670e+00
4.650000000000000244e-01 1.148401948052140575e+00
4.749999999999999778e-01 1.010865354206473388e+00
4.849999999999999867e-01 9.650394221277636131e-01
4.949999999999999956e-01 9.221909206863508901e-01
5.050000000000000044e-01 8.963891010295170769e-01
5.150000000000000133e-01 8.688684206421495304e-01
5.250000000000000222e-01 8.518808823011143616e-01
5.350000000000000311e-01 8.503357768993891064e-01
5.450000000000000400e-01 8.419829907956892789e-01
5.550000000000000488e-01 7.533455525391642427e-01
5.650000000000000577e-01 5.770948365347052800e-01
5.749999999999999556e-01 4.705995606458034941e-01
5.849999999999999645e-01 4.475421125116142984e-01
5.949999999999999734e-01 4.401791312969303149e-01
6.049999999999999822e-01 3.965366856232590553e-01
6.149999999999999911e-01 2.868255943173745881e-01
6.250000000000000000e-01 2.401154748520913373e-01
6.350000000000000089e-01 2.353987111876546801e-01
6.450000000000000178e-01 2.345505076141096434e-01
6.550000000000000266e-01 2.221502308415292115e-01
6.650000000000000355e-01 1.868616204388469648e-01
6.750000000000000444e-01 1.744002492733866538e-01
6.850000000000000533e-01 1.746706075261874602e-01
6.950000000000000622e-01 1.723185988521918621e-01
7.050000000000000711e-01 1.409719244191919851e-01
7.149999999999999689e-01 6.623083290638065446e-02
7.249999999999999778e-01 4.027212408134165506e-02
7.349999999999999867e-01 3.910997219411545961e-02
7.449999999999999956e-01 3.932347822499979856e-02
7.550000000000000044e-01 3.618804187536554806e-02
7.650000000000000133e-01 2.835449721679935212e-02
7.750000000000000222e-01 2.561621622851143268e-02
7.850000000000000311e-01 2.565809871257118333e-02
7.950000000000000400e-01 2.583839941529479309e-02
8.050000000000000488e-01 2.306800980269032783e-02
8.150000000000000577e-01 1.587524934274331390e-02
8.250000000000000666e-01 1.242952666133163159e-02
8.349999999999999645e-01 1.198155643444306744e-02
8.449999999999999734e-01 1.166992975583452420e-02
8.549999999999999822e-01 7.735822516021923813e-03
8.649999999999999911e-01 -2.228301325783846321e-03
8.750000000000000000e-01 -6.633054538165994614e-03
8.850000000000000089e-01 -6.819173978253253998e-03
8.950000000000000178e-01 -6.505883126452556391e-03
9.050000000000000266e-01 -4.630034933591569389e-03
9.150000000000000355e-01 -9.788621737316447868e-04
9.250000000000000444e-01 6.072434422724082986e-04
9.350000000000000533e-01 1.043056193711281278e-03
9.450000000000000622e-01 1.357912709225661671e-03
9.550000000000000711e-01 1.680146393122231583e-03
9.649999999999999689e-01 3.194220297887770225e-03
9.749999999999999778e-01 4.286337319433658651e-03
9.849999999999999867e-01 4.916914728997677855e-03
9.949999999999999956e-01 5.500991357776271497e-03
1.004999999999999893e+00 3.710645360274014443e-03
1.015000000000000124e+00 -1.783340243931344103e-03
1.024999999999999911e+00 -3.695508075772656938e-03
1.035000000000000142e+00 -3.300726106181869641e-03
1.044999999999999929e+00 -2.742394729398690313e-03
1.055000000000000160e+00 -1.713893106539792583e-03
1.064999999999999947e+00 -5.027909036297229710e-06
1.075000000000000178e+00 8.192178402660424148e-04
1.084999999999999964e+00 1.046070590237861914e-03
1.095000000000000195e+00 1.205123799391006733e-03
1.104999999999999982e+00 1.533790982063851401e-03
1.115000000000000213e+00 2.129042840696033882e-03
1.125000000000000000e+00 2.406038721040722455e-03
1.135000000000000231e+00 2.447749601330923789e-03
1.145000000000000018e+00 2.527786365186494941e-03
1.155000000000000027e+00 3.389236901993060002e-03
1.165000000000000036e+00 5.487129774599337241e-03
1.174999999999999822e+00 6.418175145644696745e-03
1.185000000000000053e+00 6.595892558432670666e-03
1.194999999999999840e+00 6.700603752647291134e-03
1.205000000000000071e+00 6.551880847282149332e-03
1.214999999999999858e+00 6.172190860138014774e-03
1.225000000000000089e+00 5.984542920278087055e-03
1.234999999999999876e+00 6.133771070805522571e-03
1.245000000000000107e+00 6.368102859556652035e-03
1.254999999999999893e+00 6.953968030778743745e-03
1.265000000000000124e+00 7.877452480857870948e-03
1.274999999999999911e+00 8.537348006023267113e-03
1.285000000000000142e+00 8.753280026204124376e-03
1.294999999999999929e+00 8.794815505017433352e-03
1.305000000000000160e+00 7.326206496041722492e-03
1.314999999999999947e+00 3.752846965388964735e-03
1.325000000000000178e+00 2.192119876984428839e-03
1.334999999999999964e+00 2.183746172513450438e-03
1.345000000000000195e+00 2.399441168094832311e-03
1.354999999999999982e+00 3.785861134913938268e-03
1.365000000000000213e+00 6.712041972522823745e-03
1.375000000000000000e+00 7.971595318381223885e-03
1.385000000000000231e+00 8.234947442423356037e-03
1.395000000000000018e+00 8.645245356604581988e-03
1.405000000000000027e+00 1.128136633475730448e-02
1.415000000000000036e+00 1.713095568359502066e-02
1.424999999999999822e+00 1.975218246286636684e-02
1.435000000000000053e+00 2.004151617727292778e-02
1.444999999999999840e+00 2.009429773911982492e-02
1.455000000000000071e+00 2.016553511273123586e-02
1.464999999999999858e+00 1.993817820275294722e-02
1.475000000000000089e+00 1.983073182015810884e-02
1.484999999999999876e+00 1.990395792723820625e-02
1.495000000000000107e+00 1.944640189240776779e-02
1.504999999999999893e+00 1.677206765268735716e-02
1.515000000000000124e+00 1.220536408511153567e-02
1.524999999999999911e+00 9.869746835649156197e-03
1.535000000000000142e+00 9.461351539863200807e-03
1.544999999999999929e+00 9.549097665636630330e-03
1.555000000000000160e+00 1.078368496994870987e-02
1.564999999999999947e+00 1.315037232233730140e-02
1.575000000000000178e+00 1.416506065178791025e-02
1.584999999999999964e+00 1.448178419837914052e-02
1.595000000000000195e+00 1.525464999465177621e-02
1.604999999999999982e+00 1.756926071810892970e-02
1.615000000000000213e+00 2.237922768474731247e-02
1.625000000000000000e+00 2.453644893687023654e-02
1.635000000000000231e+00 2.449305674423680329e-02
1.645000000000000018e+00 2.345167813496623968e-02
1.655000000000000249e+00 1.923611135599091748e-02
1.665000000000000036e+00 1.081062042569112293e-02
1.674999999999999822e+00 5.965187952480052562e-03
1.685000000000000053e+00 5.047190504150748068e-03
1.694999999999999840e+00 5.310409051978218047e-03
1.705000000000000071e+00 7.050222112162351541e-03
1.714999999999999858e+00 1.069054534502174129e-02
1.725000000000000089e+00 1.308170765417648353e-02
1.734999999999999876e+00 1.377557729371388200e-02
1.745000000000000107e+00 1.404756027532849672e-02
1.754999999999999893e+00 1.433773101154655477e-02
1.765000000000000124e+00 1.505284558633357590e-02
1.774999999999999911e+00 1.487364658484948733e-02
1.785000000000000142e+00 1.480038359585933092e-02
1.794999999999999929e+00 1.502489788641881568e-02
1.805000000000000160e+00 1.550911640637883844e-02
1.814999999999999947e+00 1.683934585105437490e-02
1.825000000000000178e+00 1.717163930511354450e-02
1.834999999999999964e+00 1.681233673549778831e-02
1.845000000000000195e+00 1.611573181021548271e-02
1.854999999999999982e+00 1.392821480238190697e-02
1.865000000000000213e+00 1.003196615048331311e-02
1.875000000000000000e+00 6.966267810303624491e-03
1.885000000000000231e+00 5.552404805609559464e-03
1.895000000000000018e+00 5.470663525534586076e-03
1.905000000000000249e+00 5.756594118469130633e-03
1.915000000000000036e+00 6.574471538904294587e-03
1.924999999999999822e+00 7.272807541421667972e-03
1.935000000000000053e+00 7.562429503784482733e-03
1.944999999999999840e+00 7.703835142533787747e-03
1.955000000000000071e+00 8.468590647476936448e-03
1.964999999999999858e+00 9.907030277877362442e-03
1.975000000000000089e+00 1.114567078168836843e-02
1.984999999999999876e+00 1.114609666630149085e-02
1.995000000000000107e+00 1.100307688489265620e-02
2.004999999999999893e+00 1.089770056420245707e-02
2.015000000000000124e+00 1.003970965901082417e-02
2.025000000000000355e+00 9.048936933100566044e-03
2.035000000000000142e+00 8.777348066506132987e-03
2.044999999999999929e+00 8.723566335834551447e-03
2.054999999999999716e+00 8.550087155856809715e-03
2.064999999999999947e+00 8.520524014669102544e-03
2.075000000000000178e+00 8.747164125777001642e-03
2.084999999999999964e+00 8.530635330864353230e-03
2.094999999999999751e+00 8.392016930566913863e-03
2.104999999999999982e+00 8.405471349634019082e-03
2.115000000000000213e+00 8.366360227245076692e-03
2.125000000000000000e+00 8.207931795429689037e-03
2.134999999999999787e+00 8.181269568989084709e-03
2.145000000000000018e+00 8.381018268033793572e-03
2.155000000000000249e+00 8.797606412071539567e-03
2.165000000000000036e+00 9.253232787887978941e-03
2.174999999999999822e+00 9.633224064396430156e-03
2.185000000000000053e+00 9.689201228159657550e-03
2.195000000000000284e+00 9.601360222939338621e-03
2.205000000000000071e+00 8.618883917092187708e-03
2.214999999999999858e+00 8.372495366476261427e-03
2.225000000000000089e+00 7.684967089441453389e-03
2.235000000000000320e+00 7.261591787632097096e-03
2.245000000000000107e+00 7.194241498919223300e-03
2.254999999999999893e+00 8.414365097510517061e-03
2.265000000000000124e+00 9.439773473944028381e-03
2.275000000000000355e+00 1.096812152416027156e-02
2.285000000000000142e+00 1.139438979264763112e-02
2.294999999999999929e+00 1.086111064567685768e-02
2.305000000000000160e+00 1.105106121343056406e-02
2.314999999999999947e+00 1.075186604561788849e-02
2.325000000000000178e+00 1.189934485231013660e-02
2.334999999999999964e+00 1.210940270502561256e-02
2.344999999999999751e+00 1.261626238432448505e-02
2.354999999999999982e+00 1.244879361061123485e-02
2.365000000000000213e+00 1.268813372097941407e-02
2.375000000000000000e+00 1.265454311276503936e-02
2.384999999999999787e+00 1.280099847406826127e-02
2.395000000000000018e+00 1.235384489793416550e-02
2.405000000000000249e+00 1.099099852069208155e-02
2.415000000000000036e+00 8.688528797427942305e-03
2.424999999999999822e+00 7.610024254333377230e-03
2.435000000000000053e+00 7.313473960108496201e-03
2.445000000000000284e+00 7.178171334821320526e-03
2.455000000000000071e+00 7.949802299428775781e-03
2.464999999999999858e+00 9.671162548198233844e-03
2.475000000000000089e+00 1.175101720893084734e-02
2.485000000000000320e+00 1.351429781194959760e-02
2.495000000000000107e+00 1.380906959961579819e-02
2.504999999999999893e+00 1.597180775006661058e-02
2.515000000000000124e+00 1.799388122450202090e-02
2.525000000000000355e+00 1.720724422833115261e-02
2.535000000000000142e+00 1.658734500010904458e-02
2.544999999999999929e+00 1.553049781840502679e-02
2.555000000000000160e+00 1.426829225733505097e-02
2.564999999999999947e+00 1.192554174597827699e-02
2.575000000000000178e+00 1.034844239286524317e-02
2.584999999999999964e+00 8.981705600673918141e-03
2.594999999999999751e+00 9.339342874018467452e-03
2.604999999999999982e+00 9.637425832202235754e-03
2.615000000000000213e+00 1.138549134304776313e-02
2.625000000000000000e+00 1.175248778989482212e-02
2.634999999999999787e+00 1.090753882350690984e-02
2.645000000000000018e+00 1.216578726515344690e-02
2.655000000000000249e+00 1.099961794333236507e-02
2.665000000000000036e+00 1.140209722148439499e-02
2.674999999999999822e+00 1.119439794844780470e-02
2.685000000000000053e+00 1.090886679054657755e-02
2.695000000000000284e+00 8.591056915432311245e-03
2.705000000000000071e+00 7.584692888562824531e-03
2.714999999999999858e+00 7.735442711593022713e-03
2.725000000000000089e+00 7.528285537351582513e-03
2.735000000000000320e+00 8.475122828518734386e-03
2.745000000000000107e+00 8.067339905323418423e-03
2.754999999999999893e+00 7.651186934606475469e-03
2.765000000000000124e+00 7.565763837571354809e-03
2.775000000000000355e+00 7.436267923443228012e-03
2.785000000000000142e+00 7.417157875222378689e-03
2.794999999999999929e+00 7.467324898394880200e-03
2.805000000000000160e+00 8.066086249779840997e-03
2.814999999999999947e+00 8.211101796874221287e-03
2.825000000000000178e+00 9.561775996205197983e-03
2.834999999999999964e+00 9.741040630802375033e-03
2.844999999999999751e+00 9.008735482453671117e-03
2.854999999999999982e+00 8.727867766757832838e-03
2.865000000000000213e+00 8.227422318217087957e-03
2.875000000000000000e+00 7.435188600487820619e-03
2.884999999999999787e+00 7.244664900366813709e-03
2.895000000000000018e+00 6.742330829115797224e-03
2.905000000000000249e+00 7.057792717400365907e-03
2.915000000000000036e+00 7.015837693219709528e-03
2.924999999999999822e+00 8.347496218196281612e-03
2.935000000000000053e+00 6.896196804946991277e-03
2.945000000000000284e+00 6.282491134289383723e-03
2.955000000000000071e+00 5.087329508654148992e-03
2.964999999999999858e+00 4.636605614107214106e-03
2.975000000000000089e+00 4.990566450074801312e-03
2.985000000000000320e+00 3.979700073966869166e-03
2.995000000000000107e+00 1.461721389648703295e-01
