0.000000000000000000e+00 0.000000000000000000e+00
1.000000000000000021e-02 0.000000000000000000e+00
1.999999999999999695e-02 0.000000000000000000e+00
2.999999999999999889e-02 0.000000000000000000e+00
4.000000000000000777e-02 0.000000000000000000e+00
5.000000000000000278e-02 0.000000000000000000e+00
5.999999999999999778e-02 0.000000000000000000e+00
7.000000000000000666e-02 0.000000000000000000e+00
7.999999999999998779e-02 0.000000000000000000e+00
8.999999999999999667e-02 0.000000000000000000e+00
1.000000000000000056e-01 0.000000000000000000e+00
1.099999999999999867e-01 0.000000000000000000e+00
1.199999999999999956e-01 4.917735674506180249e-05
1.300000000000000044e-01 1.188579836834781827e-04
1.400000000000000133e-01 9.326700928028944107e-05
1.499999999999999944e-01 3.956559964781504343e-05
1.600000000000000033e-01 4.192259694745172516e-05
1.699999999999999845e-01 4.211729218099059395e-05
1.799999999999999933e-01 1.342761806128446806e-04
1.900000000000000022e-01 2.543053544720727055e-04
2.000000000000000111e-01 2.997346877766877754e-04
2.099999999999999922e-01 2.538342212512868052e-04
2.200000000000000011e-01 4.081187974329494915e-04
2.299999999999999822e-01 5.180685399866118493e-04
2.399999999999999911e-01 1.929386212258702316e-03
2.500000000000000000e-01 4.480621778441803808e-03
2.600000000000000089e-01 6.179519315427615955e-03
2.700000000000000178e-01 6.245208519748325464e-03
2.800000000000000266e-01 4.784096161824377517e-03
2.899999999999999800e-01 6.354848397676082783e-03
2.999999999999999889e-01 1.401484450329367262e-02
3.099999999999999978e-01 6.438720016329863016e-02
3.200000000000000067e-01 2.528964317361779290e-01
3.300000000000000155e-01 7.660603429383233687e-01
3.400000000000000244e-01 1.732775885608287103e+00
3.499999999999999778e-01 2.878293018928298697e+00
3.599999999999999867e-01 3.876259409131788125e+00
3.699999999999999956e-01 4.597689867613597769e+00
3.800000000000000044e-01 4.998349220722813513e+00
3.900000000000000133e-01 5.309067146849659302e+00
4.000000000000000222e-01 5.565557771775667462e+00
4.100000000000000311e-01 5.855708403400911699e+00
4.199999999999999845e-01 6.234686418827616983e+00
4.299999999999999933e-01 6.595617175152233891e+00
4.400000000000000022e-01 7.023720939948106867e+00
4.500000000000000111e-01 7.364720163734389757e+00
4.600000000000000200e-01 7.703833053267691078e+00
4.699999999999999734e-01 7.858130523976992521e+00
4.799999999999999822e-01 7.496983381895023335e+00
4.899999999999999911e-01 6.281394143225737636e+00
5.000000000000000000e-01 4.176341288345859937e+00
5.100000000000000089e-01 2.122932500887382279e+00
5.200000000000000178e-01 8.242415142500669756e-01
5.300000000000000266e-01 2.663564415834452359e-01
5.400000000000000355e-01 7.280728142936111758e-02
5.500000000000000444e-01 2.029767097855193075e-02
5.600000000000000533e-01 4.728887471786635127e-03
5.700000000000000622e-01 2.091042048826048660e-03
5.799999999999999600e-01 8.215789390262660330e-04
5.899999999999999689e-01 1.099102259566911172e-03
5.999999999999999778e-01 5.385601071877864181e-04
6.099999999999999867e-01 4.368931481778472094e-04
6.199999999999999956e-01 3.956768134440879917e-04
6.300000000000000044e-01 6.814434009314849529e-04
6.400000000000000133e-01 3.407217004657424764e-04
6.500000000000000222e-01 4.204066142843435115e-04
6.600000000000000311e-01 1.731086058817885031e-04
6.700000000000000400e-01 3.462172117635770063e-04
6.800000000000000488e-01 2.445502527536377434e-04
6.900000000000000577e-01 1.703608502328712382e-04
6.999999999999999556e-01 1.758563615307057952e-04
7.099999999999999645e-01 4.121633473375917032e-05
7.199999999999999734e-01 2.637845422960586792e-04
7.299999999999999822e-01 9.067593641427017606e-05
7.399999999999999911e-01 1.346400267969466045e-04
7.500000000000000000e-01 1.731086058817885031e-04
7.600000000000000089e-01 1.291445154991120476e-04
7.700000000000000178e-01 1.291445154991120476e-04
7.800000000000000266e-01 1.236490042012775177e-04
7.900000000000000355e-01 9.067593641427017606e-05
8.000000000000000444e-01 0.000000000000000000e+00
8.100000000000000533e-01 1.318922711480293396e-04
8.200000000000000622e-01 0.000000000000000000e+00
8.300000000000000711e-01 4.396409038267644879e-05
8.399999999999999689e-01 3.846857908484189185e-05
8.499999999999999778e-01 4.121633473375917032e-05
8.599999999999999867e-01 0.000000000000000000e+00
8.699999999999999956e-01 0.000000000000000000e+00
8.800000000000000044e-01 0.000000000000000000e+00
8.900000000000000133e-01 0.000000000000000000e+00
9.000000000000000222e-01 0.000000000000000000e+00
9.100000000000000311e-01 1.621175832861193892e-04
9.200000000000000400e-01 0.000000000000000000e+00
9.300000000000000488e-01 0.000000000000000000e+00
9.400000000000000577e-01 8.792818076535289758e-05
9.499999999999999556e-01 4.121633473375917032e-05
9.599999999999999645e-01 0.000000000000000000e+00
9.699999999999999734e-01 0.000000000000000000e+00
9.799999999999999822e-01 4.396409038267644879e-05
9.899999999999999911e-01 4.396409038267644879e-05
1.000000000000000000e+00 4.121633473375917032e-05
1.010000000000000231e+00 0.000000000000000000e+00
1.020000000000000018e+00 0.000000000000000000e+00
1.030000000000000249e+00 0.000000000000000000e+00
1.040000000000000036e+00 0.000000000000000000e+00
1.050000000000000266e+00 0.000000000000000000e+00
1.060000000000000053e+00 0.000000000000000000e+00
1.070000000000000284e+00 0.000000000000000000e+00
1.080000000000000071e+00 4.945960168051099896e-05
1.090000000000000302e+00 0.000000000000000000e+00
1.100000000000000089e+00 0.000000000000000000e+00
1.110000000000000320e+00 0.000000000000000000e+00
1.120000000000000107e+00 0.000000000000000000e+00
1.130000000000000338e+00 0.000000000000000000e+00
1.140000000000000124e+00 0.000000000000000000e+00
1.150000000000000133e+00 0.000000000000000000e+00
1.160000000000000142e+00 4.121633473375917032e-05
1.169999999999999929e+00 4.396409038267644879e-05
1.180000000000000160e+00 0.000000000000000000e+00
1.189999999999999947e+00 0.000000000000000000e+00
1.200000000000000178e+00 0.000000000000000000e+00
1.209999999999999964e+00 0.000000000000000000e+00
1.220000000000000195e+00 0.000000000000000000e+00
1.229999999999999982e+00 0.000000000000000000e+00
1.240000000000000213e+00 0.000000000000000000e+00
1.250000000000000000e+00 0.000000000000000000e+00
1.260000000000000231e+00 0.000000000000000000e+00
1.270000000000000018e+00 0.000000000000000000e+00
1.280000000000000249e+00 0.000000000000000000e+00
1.290000000000000036e+00 0.000000000000000000e+00
1.300000000000000266e+00 0.000000000000000000e+00
1.310000000000000053e+00 0.000000000000000000e+00
1.320000000000000284e+00 0.000000000000000000e+00
1.330000000000000071e+00 0.000000000000000000e+00
1.340000000000000302e+00 0.000000000000000000e+00
1.350000000000000089e+00 0.000000000000000000e+00
1.360000000000000320e+00 0.000000000000000000e+00
1.370000000000000107e+00 0.000000000000000000e+00
1.380000000000000338e+00 0.000000000000000000e+00
1.390000000000000124e+00 0.000000000000000000e+00
1.400000000000000133e+00 0.000000000000000000e+00
1.410000000000000142e+00 0.000000000000000000e+00
1.419999999999999929e+00 0.000000000000000000e+00
1.430000000000000160e+00 0.000000000000000000e+00
1.439999999999999947e+00 0.000000000000000000e+00
1.450000000000000178e+00 0.000000000000000000e+00
1.459999999999999964e+00 0.000000000000000000e+00
1.470000000000000195e+00 0.000000000000000000e+00
1.479999999999999982e+00 0.000000000000000000e+00
1.490000000000000213e+00 0.000000000000000000e+00
1.500000000000000000e+00 0.000000000000000000e+00
1.510000000000000231e+00 0.000000000000000000e+00
1.520000000000000018e+00 0.000000000000000000e+00
1.530000000000000249e+00 0.000000000000000000e+00
1.540000000000000036e+00 0.000000000000000000e+00
1.550000000000000266e+00 0.000000000000000000e+00
1.560000000000000053e+00 0.000000000000000000e+00
1.570000000000000284e+00 0.000000000000000000e+00
1.580000000000000071e+00 0.000000000000000000e+00
1.590000000000000302e+00 0.000000000000000000e+00
1.600000000000000089e+00 0.000000000000000000e+00
1.610000000000000320e+00 0.000000000000000000e+00
1.620000000000000107e+00 0.000000000000000000e+00
1.630000000000000338e+00 0.000000000000000000e+00
1.640000000000000124e+00 0.000000000000000000e+00
1.650000000000000355e+00 0.000000000000000000e+00
1.660000000000000142e+00 0.000000000000000000e+00
1.669999999999999929e+00 0.000000000000000000e+00
1.680000000000000160e+00 0.000000000000000000e+00
1.689999999999999947e+00 0.000000000000000000e+00
1.700000000000000178e+00 0.000000000000000000e+00
1.709999999999999964e+00 0.000000000000000000e+00
1.720000000000000195e+00 0.000000000000000000e+00
1.729999999999999982e+00 0.000000000000000000e+00
1.740000000000000213e+00 0.000000000000000000e+00
1.750000000000000000e+00 0.000000000000000000e+00
1.760000000000000231e+00 0.000000000000000000e+00
1.770000000000000018e+00 0.000000000000000000e+00
1.780000000000000249e+00 0.000000000000000000e+00
1.790000000000000036e+00 0.000000000000000000e+00
1.800000000000000266e+00 0.000000000000000000e+00
1.810000000000000053e+00 0.000000000000000000e+00
1.820000000000000284e+00 0.000000000000000000e+00
1.830000000000000071e+00 0.000000000000000000e+00
1.840000000000000302e+00 0.000000000000000000e+00
1.850000000000000089e+00 0.000000000000000000e+00
1.860000000000000320e+00 0.000000000000000000e+00
1.870000000000000107e+00 0.000000000000000000e+00
1.880000000000000338e+00 0.000000000000000000e+00
1.890000000000000124e+00 0.000000000000000000e+00
1.900000000000000355e+00 0.000000000000000000e+00
1.910000000000000142e+00 0.000000000000000000e+00
1.919999999999999929e+00 0.000000000000000000e+00
1.930000000000000160e+00 0.000000000000000000e+00
1.939999999999999947e+00 0.000000000000000000e+00
1.950000000000000178e+00 0.000000000000000000e+00
1.959999999999999964e+00 0.000000000000000000e+00
1.970000000000000195e+00 0.000000000000000000e+00
1.979999999999999982e+00 0.000000000000000000e+00
1.990000000000000213e+00 0.000000000000000000e+00
2.000000000000000000e+00 0.000000000000000000e+00
2.010000000000000231e+00 0.000000000000000000e+00
2.020000000000000462e+00 0.000000000000000000e+00
2.030000000000000249e+00 0.000000000000000000e+00
2.040000000000000036e+00 0.000000000000000000e+00
2.049999999999999822e+00 0.000000000000000000e+00
2.060000000000000053e+00 0.000000000000000000e+00
2.070000000000000284e+00 0.000000000000000000e+00
2.080000000000000071e+00 0.000000000000000000e+00
2.089999999999999858e+00 0.000000000000000000e+00
2.100000000000000089e+00 0.000000000000000000e+00
2.110000000000000320e+00 0.000000000000000000e+00
2.120000000000000107e+00 0.000000000000000000e+00
2.129999999999999893e+00 0.000000000000000000e+00
2.140000000000000124e+00 0.000000000000000000e+00
2.150000000000000355e+00 0.000000000000000000e+00
2.160000000000000142e+00 0.000000000000000000e+00
2.169999999999999929e+00 0.000000000000000000e+00
2.180000000000000160e+00 0.000000000000000000e+00
2.190000000000000391e+00 0.000000000000000000e+00
2.200000000000000178e+00 0.000000000000000000e+00
2.209999999999999964e+00 0.000000000000000000e+00
2.220000000000000195e+00 0.000000000000000000e+00
2.230000000000000426e+00 0.000000000000000000e+00
2.240000000000000213e+00 0.000000000000000000e+00
2.250000000000000000e+00 0.000000000000000000e+00
2.260000000000000231e+00 0.000000000000000000e+00
2.270000000000000462e+00 0.000000000000000000e+00
2.280000000000000249e+00 0.000000000000000000e+00
2.290000000000000036e+00 0.000000000000000000e+00
2.300000000000000266e+00 0.000000000000000000e+00
2.310000000000000053e+00 0.000000000000000000e+00
2.320000000000000284e+00 0.000000000000000000e+00
2.330000000000000071e+00 0.000000000000000000e+00
2.339999999999999858e+00 0.000000000000000000e+00
2.350000000000000089e+00 0.000000000000000000e+00
2.360000000000000320e+00 0.000000000000000000e+00
2.370000000000000107e+00 0.000000000000000000e+00
2.379999999999999893e+00 0.000000000000000000e+00
2.390000000000000124e+00 0.000000000000000000e+00
2.400000000000000355e+00 0.000000000000000000e+00
2.410000000000000142e+00 0.000000000000000000e+00
2.419999999999999929e+00 0.000000000000000000e+00
2.430000000000000160e+00 0.000000000000000000e+00
2.440000000000000391e+00 0.000000000000000000e+00
2.450000000000000178e+00 0.000000000000000000e+00
2.459999999999999964e+00 0.000000000000000000e+00
2.470000000000000195e+00 0.000000000000000000e+00
2.480000000000000426e+00 0.000000000000000000e+00
2.490000000000000213e+00 0.000000000000000000e+00
2.500000000000000000e+00 0.000000000000000000e+00
2.510000000000000231e+00 0.000000000000000000e+00
2.520000000000000462e+00 0.000000000000000000e+00
2.530000000000000249e+00 0.000000000000000000e+00
2.540000000000000036e+00 0.000000000000000000e+00
2.550000000000000266e+00 0.000000000000000000e+00
2.560000000000000053e+00 0.000000000000000000e+00
2.570000000000000284e+00 0.000000000000000000e+00
2.580000000000000071e+00 0.000000000000000000e+00
2.589999999999999858e+00 0.000000000000000000e+00
2.600000000000000089e+00 0.000000000000000000e+00
2.610000000000000320e+00 0.000000000000000000e+00
2.620000000000000107e+00 0.000000000000000000e+00
2.629999999999999893e+00 0.000000000000000000e+00
2.640000000000000124e+00 0.000000000000000000e+00
2.650000000000000355e+00 0.000000000000000000e+00
2.660000000000000142e+00 0.000000000000000000e+00
2.669999999999999929e+00 0.000000000000000000e+00
2.680000000000000160e+00 0.000000000000000000e+00
2.690000000000000391e+00 0.000000000000000000e+00
2.700000000000000178e+00 0.000000000000000000e+00
2.709999999999999964e+00 0.000000000000000000e+00
2.720000000000000195e+00 0.000000000000000000e+00
2.730000000000000426e+00 0.000000000000000000e+00
2.740000000000000213e+00 0.000000000000000000e+00
2.750000000000000000e+00 0.000000000000000000e+00
2.760000000000000231e+00 0.000000000000000000e+00
2.770000000000000462e+00 0.000000000000000000e+00
2.780000000000000249e+00 0.000000000000000000e+00
2.790000000000000036e+00 0.000000000000000000e+00
2.800000000000000266e+00 0.000000000000000000e+00
2.810000000000000053e+00 0.000000000000000000e+00
2.820000000000000284e+00 0.000000000000000000e+00
2.830000000000000071e+00 0.000000000000000000e+00
2.839999999999999858e+00 0.000000000000000000e+00
2.850000000000000089e+00 0.000000000000000000e+00
2.860000000000000320e+00 0.000000000000000000e+00
2.870000000000000107e+00 0.000000000000000000e+00
2.879999999999999893e+00 0.000000000000000000e+00
2.890000000000000124e+00 0.000000000000000000e+00
2.900000000000000355e+00 0.000000000000000000e+00
2.910000000000000142e+00 0.000000000000000000e+00
2.919999999999999929e+00 0.000000000000000000e+00
2.930000000000000160e+00 0.000000000000000000e+00
2.940000000000000391e+00 0.000000000000000000e+00
2.950000000000000178e+00 0.000000000000000000e+00
2.959999999999999964e+00 0.000000000000000000e+00
2.970000000000000195e+00 0.000000000000000000e+00
2.980000000000000426e+00 0.000000000000000000e+00
2.990000000000000213e+00 0.000000000000000000e+00
3.000000000000000000e+00 0.000000000000000000e+00
3.010000000000000231e+00 0.000000000000000000e+00
3.020000000000000462e+00 0.000000000000000000e+00
3.030000000000000249e+00 0.000000000000000000e+00
3.040000000000000036e+00 0.000000000000000000e+00
3.050000000000000266e+00 0.000000000000000000e+00
3.060000000000000497e+00 0.000000000000000000e+00
3.070000000000000284e+00 0.000000000000000000e+00
3.080000000000000071e+00 0.000000000000000000e+00
3.089999999999999858e+00 0.000000000000000000e+00
3.100000000000000089e+00 0.000000000000000000e+00
3.110000000000000320e+00 0.000000000000000000e+00
3.120000000000000107e+00 0.000000000000000000e+00
3.129999999999999893e+00 0.000000000000000000e+00
3.140000000000000124e+00 0.000000000000000000e+00
3.150000000000000355e+00 0.000000000000000000e+00
3.160000000000000142e+00 0.000000000000000000e+00
3.169999999999999929e+00 0.000000000000000000e+00
3.180000000000000160e+00 0.000000000000000000e+00
3.190000000000000391e+00 0.000000000000000000e+00
3.200000000000000178e+00 0.000000000000000000e+00
3.209999999999999964e+00 0.000000000000000000e+00
3.220000000000000195e+00 0.000000000000000000e+00
3.230000000000000426e+00 0.000000000000000000e+00
3.240000000000000213e+00 0.000000000000000000e+00
3.250000000000000000e+00 0.000000000000000000e+00
3.260000000000000231e+00 0.000000000000000000e+00
3.270000000000000462e+00 0.000000000000000000e+00
3.280000000000000249e+00 0.000000000000000000e+00
3.290000000000000036e+00 0.000000000000000000e+00
3.300000000000000266e+00 0.000000000000000000e+00
3.310000000000000497e+00 0.000000000000000000e+00
3.320000000000000284e+00 0.000000000000000000e+00
3.330000000000000071e+00 0.000000000000000000e+00
3.339999999999999858e+00 0.000000000000000000e+00
3.350000000000000089e+00 0.000000000000000000e+00
3.360000000000000320e+00 0.000000000000000000e+00
3.370000000000000107e+00 0.000000000000000000e+00
3.379999999999999893e+00 0.000000000000000000e+00
3.390000000000000124e+00 0.000000000000000000e+00
3.400000000000000355e+00 0.000000000000000000e+00
3.410000000000000142e+00 0.000000000000000000e+00
3.419999999999999929e+00 0.000000000000000000e+00
3.430000000000000160e+00 0.000000000000000000e+00
3.440000000000000391e+00 0.000000000000000000e+00
3.450000000000000178e+00 0.000000000000000000e+00
3.459999999999999964e+00 0.000000000000000000e+00
3.470000000000000195e+00 0.000000000000000000e+00
3.480000000000000426e+00 0.000000000000000000e+00
3.490000000000000213e+00 0.000000000000000000e+00
3.500000000000000000e+00 0.000000000000000000e+00
3.510000000000000231e+00 0.000000000000000000e+00
3.520000000000000462e+00 0.000000000000000000e+00
3.530000000000000249e+00 0.000000000000000000e+00
3.540000000000000036e+00 0.000000000000000000e+00
3.550000000000000266e+00 0.000000000000000000e+00
3.560000000000000497e+00 0.000000000000000000e+00
3.570000000000000284e+00 0.000000000000000000e+00
3.580000000000000071e+00 0.000000000000000000e+00
3.589999999999999858e+00 0.000000000000000000e+00
3.600000000000000089e+00 0.000000000000000000e+00
3.610000000000000320e+00 0.000000000000000000e+00
3.620000000000000107e+00 0.000000000000000000e+00
3.629999999999999893e+00 0.000000000000000000e+00
3.640000000000000124e+00 0.000000000000000000e+00
3.650000000000000355e+00 0.000000000000000000e+00
3.660000000000000142e+00 0.000000000000000000e+00
3.669999999999999929e+00 0.000000000000000000e+00
3.680000000000000160e+00 0.000000000000000000e+00
3.690000000000000391e+00 0.000000000000000000e+00
3.700000000000000178e+00 0.000000000000000000e+00
3.709999999999999964e+00 0.000000000000000000e+00
3.720000000000000195e+00 0.000000000000000000e+00
3.730000000000000426e+00 0.000000000000000000e+00
3.740000000000000213e+00 0.000000000000000000e+00
3.750000000000000000e+00 0.000000000000000000e+00
3.760000000000000231e+00 0.000000000000000000e+00
3.770000000000000462e+00 0.000000000000000000e+00
3.780000000000000249e+00 0.000000000000000000e+00
3.790000000000000036e+00 0.000000000000000000e+00
3.800000000000000266e+00 0.000000000000000000e+00
3.810000000000000497e+00 0.000000000000000000e+00
3.820000000000000284e+00 0.000000000000000000e+00
3.830000000000000071e+00 0.000000000000000000e+00
3.839999999999999858e+00 0.000000000000000000e+00
3.850000000000000089e+00 0.000000000000000000e+00
3.860000000000000320e+00 0.000000000000000000e+00
3.870000000000000107e+00 0.000000000000000000e+00
3.879999999999999893e+00 0.000000000000000000e+00
3.890000000000000124e+00 0.000000000000000000e+00
3.900000000000000355e+00 0.000000000000000000e+00
3.910000000000000142e+00 0.000000000000000000e+00
3.919999999999999929e+00 0.000000000000000000e+00
3.930000000000000160e+00 0.000000000000000000e+00
3.940000000000000391e+00 0.000000000000000000e+00
3.950000000000000178e+00 0.000000000000000000e+00
3.959999999999999964e+00 0.000000000000000000e+00
3.970000000000000195e+00 0.000000000000000000e+00
3.980000000000000426e+00 0.000000000000000000e+00
3.990000000000000213e+00 0.000000000000000000e+00
4.000000000000000000e+00 0.000000000000000000e+00
4.009999999999999787e+00 0.000000000000000000e+00
4.020000000000000462e+00 0.000000000000000000e+00
4.030000000000000249e+00 0.000000000000000000e+00
4.040000000000000036e+00 0.000000000000000000e+00
4.050000000000000711e+00 0.000000000000000000e+00
4.060000000000000497e+00 0.000000000000000000e+00
4.070000000000000284e+00 0.000000000000000000e+00
4.080000000000000071e+00 0.000000000000000000e+00
4.089999999999999858e+00 0.000000000000000000e+00
4.099999999999999645e+00 0.000000000000000000e+00
4.110000000000000320e+00 0.000000000000000000e+00
4.120000000000000107e+00 0.000000000000000000e+00
4.129999999999999893e+00 0.000000000000000000e+00
4.140000000000000568e+00 0.000000000000000000e+00
4.150000000000000355e+00 0.000000000000000000e+00
4.160000000000000142e+00 0.000000000000000000e+00
4.169999999999999929e+00 0.000000000000000000e+00
4.179999999999999716e+00 0.000000000000000000e+00
4.190000000000000391e+00 0.000000000000000000e+00
4.200000000000000178e+00 0.000000000000000000e+00
4.209999999999999964e+00 0.000000000000000000e+00
4.220000000000000639e+00 0.000000000000000000e+00
4.230000000000000426e+00 0.000000000000000000e+00
4.240000000000000213e+00 0.000000000000000000e+00
4.250000000000000000e+00 0.000000000000000000e+00
4.259999999999999787e+00 0.000000000000000000e+00
4.270000000000000462e+00 0.000000000000000000e+00
4.280000000000000249e+00 0.000000000000000000e+00
4.290000000000000036e+00 0.000000000000000000e+00
4.300000000000000711e+00 0.000000000000000000e+00
4.310000000000000497e+00 0.000000000000000000e+00
4.320000000000000284e+00 0.000000000000000000e+00
4.330000000000000071e+00 0.000000000000000000e+00
4.339999999999999858e+00 0.000000000000000000e+00
4.350000000000000533e+00 0.000000000000000000e+00
4.360000000000000320e+00 0.000000000000000000e+00
4.370000000000000107e+00 0.000000000000000000e+00
4.379999999999999893e+00 0.000000000000000000e+00
4.390000000000000568e+00 0.000000000000000000e+00
4.400000000000000355e+00 0.000000000000000000e+00
4.410000000000000142e+00 0.000000000000000000e+00
4.419999999999999929e+00 0.000000000000000000e+00
4.429999999999999716e+00 0.000000000000000000e+00
4.440000000000000391e+00 0.000000000000000000e+00
4.450000000000000178e+00 0.000000000000000000e+00
4.459999999999999964e+00 0.000000000000000000e+00
4.470000000000000639e+00 0.000000000000000000e+00
4.480000000000000426e+00 0.000000000000000000e+00
4.490000000000000213e+00 0.000000000000000000e+00
4.500000000000000000e+00 0.000000000000000000e+00
4.509999999999999787e+00 0.000000000000000000e+00
4.520000000000000462e+00 0.000000000000000000e+00
4.530000000000000249e+00 0.000000000000000000e+00
4.540000000000000036e+00 0.000000000000000000e+00
4.550000000000000711e+00 0.000000000000000000e+00
4.560000000000000497e+00 0.000000000000000000e+00
4.570000000000000284e+00 0.000000000000000000e+00
4.580000000000000071e+00 0.000000000000000000e+00
4.589999999999999858e+00 0.000000000000000000e+00
4.600000000000000533e+00 0.000000000000000000e+00
4.610000000000000320e+00 0.000000000000000000e+00
4.620000000000000107e+00 0.000000000000000000e+00
4.629999999999999893e+00 0.000000000000000000e+00
4.640000000000000568e+00 0.000000000000000000e+00
4.650000000000000355e+00 0.000000000000000000e+00
4.660000000000000142e+00 0.000000000000000000e+00
4.669999999999999929e+00 0.000000000000000000e+00
4.679999999999999716e+00 0.000000000000000000e+00
4.690000000000000391e+00 0.000000000000000000e+00
4.700000000000000178e+00 0.000000000000000000e+00
4.709999999999999964e+00 0.000000000000000000e+00
4.720000000000000639e+00 0.000000000000000000e+00
4.730000000000000426e+00 0.000000000000000000e+00
4.740000000000000213e+00 0.000000000000000000e+00
4.750000000000000000e+00 0.000000000000000000e+00
4.759999999999999787e+00 0.000000000000000000e+00
4.770000000000000462e+00 0.000000000000000000e+00
4.780000000000000249e+00 0.000000000000000000e+00
4.790000000000000036e+00 0.000000000000000000e+00
4.800000000000000711e+00 0.000000000000000000e+00
4.810000000000000497e+00 0.000000000000000000e+00
4.820000000000000284e+00 0.000000000000000000e+00
4.830000000000000071e+00 0.000000000000000000e+00
4.839999999999999858e+00 0.000000000000000000e+00
4.850000000000000533e+00 0.000000000000000000e+00
4.860000000000000320e+00 0.000000000000000000e+00
4.870000000000000107e+00 0.000000000000000000e+00
4.879999999999999893e+00 0.000000000000000000e+00
4.890000000000000568e+00 0.000000000000000000e+00
4.900000000000000355e+00 0.000000000000000000e+00
4.910000000000000142e+00 0.000000000000000000e+00
4.919999999999999929e+00 0.000000000000000000e+00
4.929999999999999716e+00 0.000000000000000000e+00
4.940000000000000391e+00 0.000000000000000000e+00
4.950000000000000178e+00 0.000000000000000000e+00
4.959999999999999964e+00 0.000000000000000000e+00
4.970000000000000639e+00 0.000000000000000000e+00
4.980000000000000426e+00 0.000000000000000000e+00
4.990000000000000213e+00 0.000000000000000000e+00
5.000000000000000000e+00 0.000000000000000000e+00
5.009999999999999787e+00 0.000000000000000000e+00
5.020000000000000462e+00 0.000000000000000000e+00
5.030000000000000249e+00 0.000000000000000000e+00
5.040000000000000036e+00 0.000000000000000000e+00
5.050000000000000711e+00 0.000000000000000000e+00
5.060000000000000497e+00 0.000000000000000000e+00
5.070000000000000284e+00 0.000000000000000000e+00
5.080000000000000071e+00 0.000000000000000000e+00
5.089999999999999858e+00 0.000000000000000000e+00
5.100000000000000533e+00 0.000000000000000000e+00
5.110000000000000320e+00 0.000000000000000000e+00
5.120000000000000107e+00 0.000000000000000000e+00
5.129999999999999893e+00 0.000000000000000000e+00
5.140000000000000568e+00 0.000000000000000000e+00
5.150000000000000355e+00 0.000000000000000000e+00
5.160000000000000142e+00 0.000000000000000000e+00
5.169999999999999929e+00 0.000000000000000000e+00
5.179999999999999716e+00 0.000000000000000000e+00
5.190000000000000391e+00 0.000000000000000000e+00
5.200000000000000178e+00 0.000000000000000000e+00
5.209999999999999964e+00 0.000000000000000000e+00
5.220000000000000639e+00 0.000000000000000000e+00
5.230000000000000426e+00 0.000000000000000000e+00
5.240000000000000213e+00 0.000000000000000000e+00
5.250000000000000000e+00 0.000000000000000000e+00
5.259999999999999787e+00 0.000000000000000000e+00
5.270000000000000462e+00 0.000000000000000000e+00
5.280000000000000249e+00 0.000000000000000000e+00
5.290000000000000036e+00 0.000000000000000000e+00
5.300000000000000711e+00 0.000000000000000000e+00
5.310000000000000497e+00 0.000000000000000000e+00
5.320000000000000284e+00 0.000000000000000000e+00
5.330000000000000071e+00 0.000000000000000000e+00
5.339999999999999858e+00 0.000000000000000000e+00
5.350000000000000533e+00 0.000000000000000000e+00
5.360000000000000320e+00 0.000000000000000000e+00
5.370000000000000107e+00 0.000000000000000000e+00
5.379999999999999893e+00 0.000000000000000000e+00
5.390000000000000568e+00 0.000000000000000000e+00
5.400000000000000355e+00 0.000000000000000000e+00
5.410000000000000142e+00 0.000000000000000000e+00
5.419999999999999929e+00 0.000000000000000000e+00
5.429999999999999716e+00 0.000000000000000000e+00
5.440000000000000391e+00 0.000000000000000000e+00
5.450000000000000178e+00 0.000000000000000000e+00
5.459999999999999964e+00 0.000000000000000000e+00
5.470000000000000639e+00 0.000000000000000000e+00
5.480000000000000426e+00 0.000000000000000000e+00
5.490000000000000213e+00 0.000000000000000000e+00
5.500000000000000000e+00 0.000000000000000000e+00
5.509999999999999787e+00 0.000000000000000000e+00
5.520000000000000462e+00 0.000000000000000000e+00
5.530000000000000249e+00 0.000000000000000000e+00
5.540000000000000036e+00 0.000000000000000000e+00
5.550000000000000711e+00 0.000000000000000000e+00
5.560000000000000497e+00 0.000000000000000000e+00
5.570000000000000284e+00 0.000000000000000000e+00
5.580000000000000071e+00 0.000000000000000000e+00
5.589999999999999858e+00 0.000000000000000000e+00
5.600000000000000533e+00 0.000000000000000000e+00
5.610000000000000320e+00 0.000000000000000000e+00
5.620000000000000107e+00 0.000000000000000000e+00
5.629999999999999893e+00 0.000000000000000000e+00
5.640000000000000568e+00 0.000000000000000000e+00
5.650000000000000355e+00 0.000000000000000000e+00
5.660000000000000142e+00 0.000000000000000000e+00
5.669999999999999929e+00 0.000000000000000000e+00
5.679999999999999716e+00 0.000000000000000000e+00
5.690000000000000391e+00 0.000000000000000000e+00
5.700000000000000178e+00 0.000000000000000000e+00
5.709999999999999964e+00 0.000000000000000000e+00
5.720000000000000639e+00 0.000000000000000000e+00
5.730000000000000426e+00 0.000000000000000000e+00
5.740000000000000213e+00 0.000000000000000000e+00
5.750000000000000000e+00 0.000000000000000000e+00
5.759999999999999787e+00 0.000000000000000000e+00
5.770000000000000462e+00 0.000000000000000000e+00
5.780000000000000249e+00 0.000000000000000000e+00
5.790000000000000036e+00 0.000000000000000000e+00
5.800000000000000711e+00 0.000000000000000000e+00
5.810000000000000497e+00 0.000000000000000000e+00
5.820000000000000284e+00 0.000000000000000000e+00
5.830000000000000071e+00 0.000000000000000000e+00
5.839999999999999858e+00 0.000000000000000000e+00
5.850000000000000533e+00 0.000000000000000000e+00
5.860000000000000320e+00 0.000000000000000000e+00
5.870000000000000107e+00 0.000000000000000000e+00
5.879999999999999893e+00 0.000000000000000000e+00
5.890000000000000568e+00 0.000000000000000000e+00
5.900000000000000355e+00 0.000000000000000000e+00
5.910000000000000142e+00 0.000000000000000000e+00
5.919999999999999929e+00 0.000000000000000000e+00
5.929999999999999716e+00 0.000000000000000000e+00
5.940000000000000391e+00 0.000000000000000000e+00
5.950000000000000178e+00 0.000000000000000000e+00
5.959999999999999964e+00 0.000000000000000000e+00
5.970000000000000639e+00 0.000000000000000000e+00
5.980000000000000426e+00 0.000000000000000000e+00
5.990000000000000213e+00 0.000000000000000000e+00
6.000000000000000000e+00 0.000000000000000000e+00
