5.000000000000000104e-03 1.323163973192341631e-03
1.499999999999999944e-02 1.902372946700657541e-02
2.500000000000000139e-02 2.998619256913074779e-02
3.500000000000000333e-02 4.231949386050707501e-02
4.499999999999999833e-02 5.822764545065450825e-02
5.500000000000000028e-02 9.503851550952356619e-02
6.500000000000000222e-02 1.489705894271836362e-01
7.500000000000001110e-02 1.763898493454504335e-01
8.499999999999999223e-02 1.790168471606854439e-01
9.500000000000000111e-02 1.770453587198268786e-01
1.050000000000000100e-01 1.878615801206687808e-01
1.149999999999999911e-01 2.115941319475901639e-01
1.250000000000000000e-01 2.217569257991776344e-01
1.350000000000000089e-01 2.200506017397683423e-01
1.450000000000000178e-01 2.280312355208328479e-01
1.549999999999999989e-01 3.241234043809475551e-01
1.650000000000000078e-01 4.918794019806796980e-01
1.749999999999999889e-01 5.695745230256619163e-01
1.849999999999999978e-01 5.657516917471948625e-01
1.950000000000000067e-01 5.665037069857595808e-01
2.050000000000000155e-01 6.054916028605686895e-01
2.149999999999999967e-01 6.731386283708321594e-01
2.250000000000000056e-01 7.426816345434257283e-01
2.349999999999999867e-01 7.756362781875204560e-01
2.449999999999999956e-01 8.016298754516008040e-01
2.550000000000000044e-01 8.856208212934292279e-01
2.650000000000000133e-01 9.991051293016653956e-01
2.750000000000000222e-01 1.067017148005308558e+00
2.850000000000000311e-01 1.081663758184681523e+00
2.949999999999999845e-01 1.130221402803769370e+00
3.049999999999999933e-01 1.308228390280670173e+00
3.150000000000000022e-01 1.533943330941427430e+00
3.250000000000000111e-01 1.698099367279526373e+00
3.350000000000000200e-01 1.738647523923305460e+00
3.450000000000000289e-01 1.784114743951781046e+00
3.549999999999999822e-01 1.919683296873749612e+00
3.649999999999999911e-01 2.095390297002569291e+00
3.750000000000000000e-01 2.239767603520380845e+00
3.850000000000000089e-01 2.291106815727650847e+00
3.950000000000000178e-01 2.312211838661250241e+00
4.050000000000000266e-01 2.323138471307630848e+00
4.150000000000000355e-01 2.317209430539532100e+00
4.249999999999999889e-01 2.311641080648774160e+00
4.349999999999999978e-01 2.318557268547726480e+00
4.450000000000000067e-01 2.352903072237177096e+00
4.550000000000000155e-01 2.385315963016841234e+00
4.650000000000000244e-01 2.383844019378289492e+00
4.749999999999999778e-01 2.367091326791042949e+00
4.849999999999999867e-01 2.346321545282158638e+00
4.949999999999999956e-01 2.317189915523909516e+00
5.050000000000000044e-01 2.240698121898072603e+00
5.150000000000000133e-01 2.104985362808330596e+00
5.250000000000000222e-01 2.053131034562815316e+00
5.350000000000000311e-01 2.045405407007943044e+00
5.450000000000000400e-01 2.036289689004615600e+00
5.550000000000000488e-01 1.976991142813444569e+00
5.650000000000000577e-01 1.792741067891431950e+00
5.749999999999999556e-01 1.728046943843364547e+00
5.849999999999999645e-01 1.720277751145091072e+00
5.949999999999999734e-01 1.719954237092806704e+00
6.049999999999999822e-01 1.649583402939165167e+00
6.149999999999999911e-01 1.398791245502696290e+00
6.250000000000000000e-01 1.332145370286721642e+00
6.350000000000000089e-01 1.333602457319640999e+00
6.450000000000000178e-01 1.332585571795642521e+00
6.550000000000000266e-01 1.240698231757777048e+00
6.650000000000000355e-01 9.593983179403102746e-01
6.750000000000000444e-01 8.761256535910086907e-01
6.850000000000000533e-01 8.717403896908458849e-01
6.950000000000000622e-01 8.713723939653081896e-01
7.050000000000000711e-01 8.149908507029370863e-01
7.149999999999999689e-01 6.282690723057999804e-01
7.249999999999999778e-01 5.694418938151327714e-01
7.349999999999999867e-01 5.693884634399665190e-01
7.449999999999999956e-01 5.688534507138656160e-01
7.550000000000000044e-01 5.211289236628178223e-01
7.650000000000000133e-01 3.744556262270943847e-01
7.750000000000000222e-01 3.317563715784652700e-01
7.850000000000000311e-01 3.304371997847855846e-01
7.950000000000000400e-01 3.280704055904798411e-01
8.050000000000000488e-01 3.055467833222036966e-01
8.150000000000000577e-01 2.514172598439029516e-01
8.250000000000000666e-01 2.317844924190723688e-01
8.349999999999999645e-01 2.313140897269892193e-01
8.449999999999999734e-01 2.298487778083038446e-01
8.549999999999999822e-01 2.141551340103690637e-01
8.649999999999999911e-01 1.765269387112423927e-01
8.750000000000000000e-01 1.606595740047173926e-01
8.850000000000000089e-01 1.599308087778807119e-01
8.950000000000000178e-01 1.590309686943230383e-01
9.050000000000000266e-01 1.513356126929036038e-01
9.150000000000000355e-01 1.356497861314718556e-01
9.250000000000000444e-01 1.281933613841724218e-01
9.350000000000000533e-01 1.282179647839395142e-01
9.450000000000000622e-01 1.283833395026942326e-01
9.550000000000000711e-01 1.286930861624895617e-01
9.649999999999999689e-01 1.298151095857939530e-01
9.749999999999999778e-01 1.301149432695947183e-01
9.849999999999999867e-01 1.295279963452402039e-01
9.949999999999999956e-01 1.256042452725356917e-01
1.004999999999999893e+00 1.138463897954453408e-01
1.015000000000000124e+00 9.297183583216542258e-02
1.024999999999999911e+00 7.833104954218399196e-02
1.035000000000000142e+00 7.643113988070354692e-02
1.044999999999999929e+00 7.554459084225943755e-02
1.055000000000000160e+00 7.300161622923954929e-02
1.064999999999999947e+00 6.853678043972277756e-02
1.075000000000000178e+00 6.427273989973995849e-02
1.084999999999999964e+00 6.381414609805927118e-02
1.095000000000000195e+00 6.642292231515517509e-02
1.104999999999999982e+00 7.211759334069872684e-02
1.115000000000000213e+00 8.155591535320885765e-02
1.125000000000000000e+00 8.966056127129835851e-02
1.135000000000000231e+00 9.177830118282891136e-02
1.145000000000000018e+00 9.143450516066954636e-02
1.155000000000000027e+00 9.031564550026623117e-02
1.165000000000000036e+00 8.787381659005837065e-02
1.174999999999999822e+00 8.688072583437829455e-02
1.185000000000000053e+00 8.654134186820131025e-02
1.194999999999999840e+00 8.698479027137366593e-02
1.205000000000000071e+00 8.973424344222692695e-02
1.214999999999999858e+00 9.437311501489384358e-02
1.225000000000000089e+00 9.691377408027282425e-02
1.234999999999999876e+00 9.745749654040428145e-02
1.245000000000000107e+00 9.635485908624868978e-02
1.254999999999999893e+00 8.841990729388746195e-02
1.265000000000000124e+00 6.949994851550506114e-02
1.274999999999999911e+00 6.143145386701198002e-02
1.285000000000000142e+00 6.059332956534867892e-02
1.294999999999999929e+00 5.995361282959296018e-02
1.305000000000000160e+00 5.380210115400268361e-02
1.314999999999999947e+00 3.908698005994278718e-02
1.325000000000000178e+00 3.254747567536681735e-02
1.334999999999999964e+00 3.205525645626183806e-02
1.345000000000000195e+00 3.238585332237986503e-02
1.354999999999999982e+00 3.473384555966031739e-02
1.365000000000000213e+00 4.019359063505974217e-02
1.375000000000000000e+00 4.244337627737341384e-02
1.385000000000000231e+00 4.260287393069110695e-02
1.395000000000000018e+00 4.286340011278057249e-02
1.405000000000000027e+00 4.534299640199095094e-02
1.415000000000000036e+00 5.210537826796698968e-02
1.424999999999999822e+00 5.445278837846399822e-02
1.435000000000000053e+00 5.466346297696976497e-02
1.444999999999999840e+00 5.470389819550564026e-02
1.455000000000000071e+00 5.362703004441340959e-02
1.464999999999999858e+00 4.995518677462248286e-02
1.475000000000000089e+00 4.922445900545029812e-02
1.484999999999999876e+00 4.903420956163014044e-02
1.495000000000000107e+00 4.799790808903042771e-02
1.504999999999999893e+00 4.044404855894795370e-02
1.515000000000000124e+00 2.412134326252937319e-02
1.524999999999999911e+00 1.690286952859400976e-02
1.535000000000000142e+00 1.588878117005255997e-02
1.544999999999999929e+00 1.584086609696881698e-02
1.555000000000000160e+00 1.572082641649472784e-02
1.564999999999999947e+00 1.593417696602950073e-02
1.575000000000000178e+00 1.591450005411857577e-02
1.584999999999999964e+00 1.597495291974132189e-02
1.595000000000000195e+00 1.635328475369869639e-02
1.604999999999999982e+00 1.871880334503110699e-02
1.615000000000000213e+00 2.338802070827055574e-02
1.625000000000000000e+00 2.580767222039771769e-02
1.635000000000000231e+00 2.596679818216289168e-02
1.645000000000000018e+00 2.491388179006987641e-02
1.655000000000000249e+00 2.061142483912916171e-02
1.665000000000000036e+00 1.206820699540405405e-02
1.674999999999999822e+00 7.892245186944955165e-03
1.685000000000000053e+00 7.009376518001831854e-03
1.694999999999999840e+00 7.350622761633368585e-03
1.705000000000000071e+00 7.911551938763279959e-03
1.714999999999999858e+00 9.357790997897444743e-03
1.725000000000000089e+00 9.998927803319145047e-03
1.734999999999999876e+00 1.005662737579119531e-02
1.745000000000000107e+00 1.013245904337382874e-02
1.754999999999999893e+00 1.112633868458952867e-02
1.765000000000000124e+00 1.320823020335641987e-02
1.774999999999999911e+00 1.429344061625515729e-02
1.785000000000000142e+00 1.440099385805740720e-02
1.794999999999999929e+00 1.432316141754404887e-02
1.805000000000000160e+00 1.434366234457603619e-02
1.814999999999999947e+00 1.456769161403623225e-02
1.825000000000000178e+00 1.440566917761864837e-02
1.834999999999999964e+00 1.416403559516419934e-02
1.845000000000000195e+00 1.357876377880786432e-02
1.854999999999999982e+00 1.122366195850755047e-02
1.865000000000000213e+00 6.813355386171279955e-03
1.875000000000000000e+00 4.582990203894922975e-03
1.885000000000000231e+00 3.765338564223695127e-03
1.895000000000000018e+00 3.950870688672904717e-03
1.905000000000000249e+00 4.670031313150797662e-03
1.915000000000000036e+00 5.817405192996712680e-03
1.924999999999999822e+00 6.369956257502588232e-03
1.935000000000000053e+00 6.553496743852151550e-03
1.944999999999999840e+00 6.614444970096681510e-03
1.955000000000000071e+00 6.797689043687901375e-03
1.964999999999999858e+00 7.336387908727685751e-03
1.975000000000000089e+00 7.515199415011084710e-03
1.984999999999999876e+00 7.622450331002139125e-03
1.995000000000000107e+00 7.492119279367817283e-03
2.004999999999999893e+00 7.741356432233747510e-03
2.015000000000000124e+00 7.863191381466322349e-03
2.025000000000000355e+00 7.933212702328114319e-03
2.035000000000000142e+00 7.936926398161603044e-03
2.044999999999999929e+00 8.267130729688485988e-03
2.054999999999999716e+00 8.188328856677232551e-03
2.064999999999999947e+00 8.776770299436615838e-03
2.075000000000000178e+00 9.152824362255637322e-03
2.084999999999999964e+00 9.253194732302006537e-03
2.094999999999999751e+00 9.066847622185923716e-03
2.104999999999999982e+00 8.388494081197793092e-03
2.115000000000000213e+00 7.476104234094222215e-03
2.125000000000000000e+00 6.617249966900791598e-03
2.134999999999999787e+00 6.362902192270245005e-03
2.145000000000000018e+00 6.356876652900461146e-03
2.155000000000000249e+00 7.169431369213503935e-03
2.165000000000000036e+00 7.969699559300423911e-03
2.174999999999999822e+00 8.264710847352328693e-03
2.185000000000000053e+00 8.299457772998102695e-03
2.195000000000000284e+00 7.568516927013702739e-03
2.205000000000000071e+00 6.067192093264635495e-03
2.214999999999999858e+00 4.003416188387074262e-03
2.225000000000000089e+00 3.130741539882837474e-03
2.235000000000000320e+00 2.569856980073452219e-03
2.245000000000000107e+00 2.583640470281233555e-03
2.254999999999999893e+00 2.843006816145492686e-03
2.265000000000000124e+00 3.230028688895863337e-03
2.275000000000000355e+00 3.422606047714103414e-03
2.285000000000000142e+00 3.659174068133072815e-03
2.294999999999999929e+00 3.906816648381460089e-03
2.305000000000000160e+00 4.481600050670993957e-03
2.314999999999999947e+00 5.942777635132853210e-03
2.325000000000000178e+00 6.775768295433404892e-03
2.334999999999999964e+00 6.991623563510367470e-03
2.344999999999999751e+00 7.109330735280370954e-03
2.354999999999999982e+00 7.095444553316196910e-03
2.365000000000000213e+00 7.072785924568976770e-03
2.375000000000000000e+00 6.952992029796935605e-03
2.384999999999999787e+00 6.563822063251338601e-03
2.395000000000000018e+00 5.964319169714058823e-03
2.405000000000000249e+00 4.661864148245267563e-03
2.415000000000000036e+00 2.918048076385212301e-03
2.424999999999999822e+00 1.606139325810681520e-03
2.435000000000000053e+00 1.069163655522076869e-03
2.445000000000000284e+00 1.182685584475748992e-03
2.455000000000000071e+00 2.095856351252292551e-03
2.464999999999999858e+00 3.904322153569649186e-03
2.475000000000000089e+00 4.895863079214211877e-03
2.485000000000000320e+00 5.131270808010103546e-03
2.495000000000000107e+00 5.771754236386763930e-03
2.504999999999999893e+00 6.723697596514696846e-03
2.515000000000000124e+00 7.640689524036087081e-03
2.525000000000000355e+00 8.498026632346084019e-03
2.535000000000000142e+00 8.392299378180418171e-03
2.544999999999999929e+00 8.377137110908851325e-03
2.555000000000000160e+00 7.342606149919020560e-03
2.564999999999999947e+00 7.473987233638723464e-03
2.575000000000000178e+00 6.837281939167215959e-03
2.584999999999999964e+00 6.926386550463111379e-03
2.594999999999999751e+00 6.465992986033107862e-03
2.604999999999999982e+00 5.483742814691234396e-03
2.615000000000000213e+00 6.227756047325581044e-03
2.625000000000000000e+00 5.473639307865781241e-03
2.634999999999999787e+00 4.960423325120824622e-03
2.645000000000000018e+00 4.960853488226253140e-03
2.655000000000000249e+00 4.574658139623442692e-03
2.665000000000000036e+00 4.383940027727561799e-03
2.674999999999999822e+00 4.003551342241150508e-03
2.685000000000000053e+00 3.935907792669010065e-03
2.695000000000000284e+00 4.278162401962065479e-03
2.705000000000000071e+00 5.124927302462636142e-03
2.714999999999999858e+00 6.259637432146848007e-03
2.725000000000000089e+00 6.667288742553838243e-03
2.735000000000000320e+00 6.570271128642959924e-03
2.745000000000000107e+00 5.801035261127352773e-03
2.754999999999999893e+00 5.190105589448497370e-03
2.765000000000000124e+00 4.973461464843436514e-03
2.775000000000000355e+00 4.653874674501407536e-03
2.785000000000000142e+00 4.519821378967394179e-03
2.794999999999999929e+00 4.429364054880503658e-03
2.805000000000000160e+00 4.787530301502676035e-03
2.814999999999999947e+00 5.486965664126897471e-03
2.825000000000000178e+00 5.643133118884756903e-03
2.834999999999999964e+00 5.361841415843593937e-03
2.844999999999999751e+00 5.024392662413068762e-03
2.854999999999999982e+00 4.183932295446779470e-03
2.865000000000000213e+00 3.091181395847171585e-03
2.875000000000000000e+00 2.441868167151353339e-03
2.884999999999999787e+00 2.161171183898132758e-03
2.895000000000000018e+00 2.138156507853165335e-03
2.905000000000000249e+00 2.539692323366462591e-03
2.915000000000000036e+00 2.709142809393381632e-03
2.924999999999999822e+00 3.017878877162512644e-03
2.935000000000000053e+00 3.091834299510329200e-03
2.945000000000000284e+00 2.581177889680636491e-03
2.955000000000000071e+00 2.104721536759304474e-03
2.964999999999999858e+00 1.525398211418515582e-03
2.975000000000000089e+00 7.960051586353871812e-04
2.985000000000000320e+00 7.876058229916642166e-04
2.995000000000000107e+00 1.738122655701930253e-01
